0 0.02107142857142857 0.4238095238095238 0.030714285714285715 0.045714285714285714
0 0.9917857142857143 0.10523809523809524 0.045 0.05619047619047619
0 0.3482142857142857 0.3585714285714286 0.04642857142857143 0.04857142857142857
0 0.5721428571428572 0.7985714285714286 0.03142857142857143 0.029523809523809525
0 0.1717857142857143 0.8061904761904762 0.027857142857142858 0.04857142857142857
0 0.32142857142857145 0.5485714285714286 0.027142857142857142 0.05523809523809524
1 0.47964285714285715 0.7671428571428571 0.03357142857142857 0.07904761904761905
1 0.3067857142857143 0.8423809523809523 0.030714285714285715 0.07904761904761905
1 0.4675 0.6257142857142857 0.03642857142857143 0.07047619047619047
1 0.6617857142857143 0.1680952380952381 0.05785714285714286 0.05047619047619047
1 1.0121428571428572 0.9342857142857143 0.03142857142857143 0.06666666666666667
0 0.22071428571428572 0.19333333333333333 0.03142857142857143 0.03619047619047619
0 0.7917857142857143 0.9961904761904762 0.02642857142857143 0.04
0 0.11178571428571428 1.0104761904761905 0.027857142857142858 0.04380952380952381
0 0.7625 0.9771428571428571 0.023571428571428573 0.05142857142857143
0 0.9310714285714285 0.46904761904761905 0.020714285714285713 0.06761904761904762
0 0.07964285714285714 0.3738095238095238 0.02642857142857143 0.06
0 0.22357142857142856 0.05952380952380952 0.041428571428571426 0.06761904761904762
1 0.6425 0.3523809523809524 0.035 0.08190476190476191
1 0.7578571428571429 0.8152380952380952 0.02857142857142857 0.08
0 0.9517857142857142 0.679047619047619 0.030714285714285715 0.045714285714285714
0 0.3653571428571429 0.9004761904761904 0.045 0.05619047619047619
0 0.8703571428571428 0.24333333333333335 0.04642857142857143 0.04857142857142857
0 0.5564285714285714 0.25952380952380955 0.03142857142857143 0.029523809523809525
0 0.5710714285714286 0.6290476190476191 0.027857142857142858 0.04857142857142857
0 0.13142857142857142 0.2542857142857143 0.027142857142857142 0.05523809523809524
1 0.9339285714285714 0.7442857142857143 0.03357142857142857 0.07904761904761905
1 0.9067857142857143 0.6880952380952381 0.030714285714285715 0.07904761904761905
1 0.47964285714285715 0.7409523809523809 0.03642857142857143 0.07047619047619047
1 0.0425 0.8852380952380953 0.05785714285714286 0.05047619047619047
1 0.2007142857142857 0.5019047619047619 0.03142857142857143 0.06666666666666667
0 0.4085714285714286 0.31047619047619046 0.03142857142857143 0.03619047619047619
0 0.014642857142857143 0.42857142857142855 0.02642857142857143 0.04
0 0.04535714285714286 0.7123809523809523 0.027857142857142858 0.04380952380952381
0 0.6867857142857143 0.7095238095238096 0.023571428571428573 0.05142857142857143
1 0.8021428571428572 0.8419047619047619 0.04 0.09904761904761905
1 0.795 0.731904761904762 0.03 0.08285714285714285
1 0.7921428571428571 0.6452380952380953 0.032857142857142856 0.06761904761904762
1 0.8367857142857142 0.5742857142857143 0.056428571428571425 0.04
1 0.8925 0.56 0.035 0.05333333333333334
0 0.8221428571428572 0.5019047619047619 0.03571428571428571 0.047619047619047616
0 0.8675 0.4819047619047619 0.029285714285714286 0.047619047619047616
0 0.8921428571428571 0.44666666666666666 0.05285714285714286 0.045714285714285714
1 0.7975 0.37142857142857144 0.035 0.05904761904761905
1 0.7046428571428571 0.22428571428571428 0.025 0.05238095238095238
1 0.7296428571428571 0.21428571428571427 0.035 0.07238095238095238
