0 0.8939285714285714 0.5533333333333333 0.047857142857142855 0.07047619047619047
0 0.24285714285714285 0.6833333333333333 0.04428571428571428 0.058095238095238096
0 0.4139285714285714 0.5923809523809523 0.027857142857142858 0.05714285714285714
1 0.19107142857142856 0.04857142857142857 0.027857142857142858 0.07047619047619047
1 0.6614285714285715 0.2623809523809524 0.027142857142857142 0.08857142857142856
1 0.7296428571428571 0.7766666666666666 0.03214285714285714 0.08476190476190476
1 0.9614285714285714 0.3295238095238095 0.03 0.0838095238095238
1 0.9596428571428571 0.9442857142857143 0.03357142857142857 0.07142857142857142
1 0.7478571428571429 0.4542857142857143 0.04 0.09904761904761905
1 0.7178571428571429 0.5528571428571428 0.03 0.08285714285714285
1 1.0078571428571428 0.8547619047619047 0.032857142857142856 0.06761904761904762
1 0.3517857142857143 0.32857142857142857 0.056428571428571425 0.04
1 0.6853571428571429 0.7866666666666666 0.035 0.05333333333333334
0 0.3792857142857143 1.0123809523809524 0.03571428571428571 0.047619047619047616
0 0.9703571428571428 0.6647619047619048 0.029285714285714286 0.047619047619047616
0 0.5528571428571428 0.2419047619047619 0.05285714285714286 0.045714285714285714
1 0.24821428571428572 0.9419047619047619 0.035 0.05904761904761905
1 0.5067857142857143 0.9747619047619047 0.025 0.05238095238095238
1 0.4075 0.6438095238095238 0.035 0.07238095238095238
0 0.5253571428571429 0.06666666666666667 0.047857142857142855 0.07047619047619047
0 0.8614285714285714 0.05285714285714286 0.04428571428571428 0.058095238095238096
0 0.8346428571428571 0.2419047619047619 0.027857142857142858 0.05714285714285714
1 0.2382142857142857 0.22095238095238096 0.027857142857142858 0.07047619047619047
1 0.5842857142857143 0.15761904761904763 0.027142857142857142 0.08857142857142856
1 0.3167857142857143 0.27666666666666667 0.03214285714285714 0.08476190476190476
1 0.67 0.31523809523809526 0.03 0.0838095238095238
1 0.5039285714285714 0.6938095238095238 0.03357142857142857 0.07142857142857142
1 0.34535714285714286 0.17 0.03357142857142857 0.06952380952380953
1 0.5846428571428571 0.44142857142857145 0.055 0.07523809523809524
1 0.065 0.16476190476190475 0.04857142857142857 0.06476190476190476
1 0.095 0.11428571428571428 0.045714285714285714 0.05523809523809524
1 0.035 0.09666666666666666 0.05 0.06
0 0.6521428571428571 0.02761904761904762 0.02 0.05523809523809524
0 0.6821428571428572 0.1419047619047619 0.017142857142857144 0.06285714285714286
0 0.67 0.13428571428571429 0.02 0.06666666666666667
0 0.7821428571428571 0.31666666666666665 0.025714285714285714 0.07523809523809524
0 0.7964285714285714 0.3419047619047619 0.03 0.07809523809523809
0 0.7021428571428572 0.3976190476190476 0.032857142857142856 0.07714285714285714
0 0.6828571428571428 0.38952380952380955 0.022857142857142857 0.05523809523809524
0 0.6971428571428572 0.19380952380952382 0.02 0.06190476190476191
