0 0.9603571428571429 0.6933333333333334 0.030714285714285715 0.045714285714285714
0 0.2789285714285714 0.5804761904761905 0.045 0.05619047619047619
0 0.33107142857142857 0.6023809523809524 0.04642857142857143 0.04857142857142857
0 0.9428571428571428 0.1138095238095238 0.03142857142857143 0.029523809523809525
0 0.2275 0.7404761904761905 0.027857142857142858 0.04857142857142857
0 0.04857142857142857 0.2904761904761905 0.027142857142857142 0.05523809523809524
1 0.5925 0.6614285714285715 0.03357142857142857 0.07904761904761905
1 0.9217857142857143 0.9242857142857143 0.030714285714285715 0.07904761904761905
1 0.26535714285714285 1.0257142857142858 0.03642857142857143 0.07047619047619047
1 0.3825 0.7271428571428571 0.05785714285714286 0.05047619047619047
1 0.43785714285714283 0.18 0.03142857142857143 0.06666666666666667
0 1.0135714285714286 0.7619047619047619 0.03142857142857143 0.03619047619047619
0 0.10535714285714286 0.5980952380952381 0.02642857142857143 0.04
0 0.18392857142857144 0.7323809523809524 0.027857142857142858 0.04380952380952381
0 0.15178571428571427 0.1295238095238095 0.023571428571428573 0.05142857142857143
1 0.05 0.06380952380952382 0.04 0.09904761904761905
1 0.8835714285714286 0.17 0.03 0.08285714285714285
1 0.11642857142857142 0.6595238095238095 0.032857142857142856 0.06761904761904762
1 0.11964285714285715 0.7152380952380952 0.056428571428571425 0.04
1 0.7360714285714286 0.10952380952380952 0.035 0.05333333333333334
0 0.135 0.48857142857142855 0.03571428571428571 0.047619047619047616
0 0.33107142857142857 0.31142857142857144 0.029285714285714286 0.047619047619047616
0 0.9535714285714286 0.9838095238095238 0.05285714285714286 0.045714285714285714
1 0.5967857142857143 0.07047619047619047 0.035 0.05904761904761905
1 0.7982142857142858 0.8395238095238096 0.025 0.05238095238095238
1 0.8917857142857143 0.6914285714285714 0.035 0.07238095238095238
1 0.027142857142857142 0.96 0.04 0.09904761904761905
1 0.49357142857142855 0.11761904761904762 0.03 0.08285714285714285
1 0.3407142857142857 0.6309523809523809 0.032857142857142856 0.06761904761904762
1 0.8417857142857142 0.6704761904761904 0.056428571428571425 0.04
1 0.02892857142857143 0.5657142857142857 0.035 0.05333333333333334
0 0.9864285714285714 0.7876190476190477 0.03571428571428571 0.047619047619047616
0 1.0025 0.5238095238095238 0.029285714285714286 0.047619047619047616
0 0.6414285714285715 0.3923809523809524 0.05285714285714286 0.045714285714285714
1 0.2275 0.9647619047619047 0.035 0.05904761904761905
1 0.8460714285714286 0.4880952380952381 0.025 0.05238095238095238
1 0.11392857142857143 0.8561904761904762 0.035 0.07238095238095238
0 0.4014285714285714 0.4704761904761905 0.03857142857142857 0.08190476190476191
0 0.03142857142857143 0.6038095238095238 0.06 0.07428571428571429
0 0.7314285714285714 0.6985714285714286 0.04285714285714286 0.07714285714285714
0 0.7053571428571429 0.5628571428571428 0.03357142857142857 0.06666666666666667
0 0.6789285714285714 0.5561904761904762 0.04071428571428572 0.06476190476190476
0 0.2914285714285714 0.6090476190476191 0.05714285714285714 0.05619047619047619
1 0.1757142857142857 0.33380952380952383 0.08142857142857143 0.09428571428571429
1 0.7442857142857143 0.18857142857142858 0.06714285714285714 0.07428571428571429
0 0.8125 0.2261904761904762 0.04214285714285714 0.08476190476190476
0 0.9385714285714286 0.3161904761904762 0.05857142857142857 0.06095238095238095
0 0.9164285714285715 0.36523809523809525 0.03142857142857143 0.06190476190476191
0 0.9378571428571428 0.4742857142857143 0.06142857142857143 0.07238095238095238
0 0.9446428571428571 0.41333333333333333 0.05928571428571429 0.06857142857142857
